2009年08月09日
暇だし軍人の女の子画像貼ってく
1 名前：以下、名無しにかわりましてVIPがお送りします[] 投稿日：2009/08/08(土) 13:28:39.35 ID:clCZ/3lv0 
集めてたらかなりの量になったんで 
散々既出だろうけど 
1 
3 
4 
5 
6 
7 
8 
9 
10 
11 
12 
13 
14 
15 
16 
17 
18 
19 
20 
21 
22 
23 
24 
25 
26 
27 
28 
29 
30 
31 
32 
33 
34 
35 
36 
37 
38 
39 
40 
41 
42 
43 
44 
45 
46 
47 
48 
49 
50 
「3次元（人）」カテゴリの最新記事
かわええええｗｗｗってなる三次女子画像くださいpart2
かわええええｗｗｗってなる三次女子画像ください
夏だし水着とかのお尻画像でも貼って〜part3
暇だし軍人の女の子画像貼ってく
日本人美少女の画像ください！！
お尻画像って需要ある？part4
暑いしすることないからＪＫ・ＪＣ画像でも貼ろうpart2
タグ ：軍人銃戦車