2009年08月11日
皆が地震で騒いでる今だ！胸が強調されてる服の女の子の画像下さい！
1 名前：以下、名無しにかわりましてVIPがお送りします[] 投稿日：2009/08/11(火) 05:20:40.72 ID:i5c1qAfH0 
もちろん惨事で！ 
1 
3 
4 
5 
6 
7 
8 
9 
10 
11 
12 
13 
14 
15 
16 
17 
18 
19 
20 
21 
22 
23 
24 
25 
26 
27 
28 
29 
30 
31 
32 
33 
34 
35 
36 
37 
38 
39 
40 
41 
42 
43 
44 
45 
46 
47 
48 
「3次元（人）」カテゴリの最新記事
皆が地震で騒いでる今だ！胸が強調されてる服の女の子の画像下さい！
長門有希の画像くださいpart2
かわええええｗｗｗってなる三次女子画像くださいpart2
かわええええｗｗｗってなる三次女子画像ください
夏だし水着とかのお尻画像でも貼って〜part3
暇だし軍人の女の子画像貼ってく
日本人美少女の画像ください！！
タグ ：巨乳胸おっぱい地震揺れる